image: laas_adream_simplified.pgm
resolution: 0.05020
origin: [-2.000000, -8.000000, 0.000000]
negate: 0
occupied_thresh: 0.65
free_thresh: 0.196
