image: mall.pgm
resolution: 0.040000
origin: [-1.90000, -2.000000, 0.000000]
negate: 0
occupied_thresh: 0.65
free_thresh: 0.196
